20
M 8 339 321 325 57 53 135 379 341 392 338 81 368 141 243 240 167 319 352
8 M 339 321 323 62 58 133 377 339 314 338 80 367 141 229 226 153 319 352
339 339 M 13 22 355 354 210 300 20 195 3 260 125 202 451 448 347 241 14
321 321 13 M 8 337 336 195 312 15 180 18 250 136 184 450 447 337 251 21
325 323 22 8 M 344 340 200 318 19 174 23 253 152 187 451 447 303 258 26
57 62 355 337 344 M 1 154 398 360 411 358 100 385 157 282 279 203 335 368
53 58 354 336 340 1 M 150 394 356 407 353 97 383 156 278 275 203 335 367
135 133 210 195 200 154 150 M 246 214 266 83 64 238 6 341 338 230 186 223
379 377 300 312 318 398 394 246 M 319 500 300 307 284 251 579 575 469 69 313
341 339 20 15 19 360 356 214 319 M 174 23 269 145 204 450 447 303 259 25
392 314 195 180 174 411 407 266 500 174 M 204 322 327 255 414 412 245 441 200 
338 338 3 18 23 358 353 83 300 23 204 M 267 124 201 458 455 346 240 16
81 80 260 250 253 100 97 64 307 269 322 267 M 297 70 315 238 204 248 281
368 367 125 136 152 385 383 238 284 145 327 124 297 M 229 521 517 408 224 147
141 141 202 184 187 157 156 6 251 204 255 201 70 229 M 330 327 217 191 215
243 229 451 450 451 282 278 341 579 450 414 458 315 521 330 M 24 229 520 473
240 226 448 447 447 279 275 338 575 447 412 455 238 517 327 24 M 225 517 470
167 153 347 337 303 203 203 230 469 303 245 346 204 408 217 229 225 M 407 360
319 319 241 251 258 335 335 186 69 259 441 240 248 224 191 520 517 407 M 254
352 352 14 21 26 368 367 223 313 25 200 16 281 147 215 473 470 360 254 M
1 2 3 4 5 6
1 2 3 4
5 9
0
2 1 12 5 4 7 6 15 19 0 0 3 0 0 8 17 16 0 9 0
20 22 26 29 34
21 23 27 30 35
4 6 8 10 12 15 26 27 29 30 32 33 35 36
5 7 9 11 13 16 27 28 30 31 33 34 36 37
4 6 8 10 12 15 26 27 29 30 32 33 35 36
5 7 9 11 13 16 27 28 30 31 33 34 36 37
0
0
14
1 2
2 2
3 2
12 2
19 3
16 4
17 4
17 3
1 6
2 6
3 33
12 33
6 33
7 33
2 18 20 35 37
18
20
2686